% This file was produced by combining data in 'SCPUnion2.1_AllSNe.tex' and 'SCPUnion2.1_mu_vs_z.txt', both of them downloaded from the Union2.1 Supernova Cosmology Project website: http://supernova.lbl.gov/Union/ (see under titles 'Full Table of All SNe' and 'Union2.1 Compilation Magnitude vs. Redshift Table (for your own cosmology fitter)'). The data was originally used in Suzuki et al., ApJ 746, 1, 85, 24 (2012); e-print: https://arxiv.org/abs/1105.3470
%
% Columns:
% z - redshift
% m_B^max - apparent magnitude in the B-band at maximum light
% sigma_mB - 1 sigma uncertainty of m_B^max
% x1 - stretch (the deviation of the SNIa lightcurve from the average lightcurve shape)
% sigma_x1 - 1 sigma uncertainty of x1
% c - color (the deviation of the SNIa B−V color from the mean SNIa B−V color)
% sigma_c - 1 sigma uncertainty of c
% P(true<thresh.) - probability that the host galaxy belongs in a low-host-mass category; for an explanation of this, see Section 4.1 in Suzuki et al. 2012
% Sample - an integer number from 1-19 indicating which survey sample the SNIa data was taken from. The names of the surveys are listed in a reversed order in Figure 3 of Suzuki et al. 2012.
%
% Credits: 
% Peter Raffai, Gergely Dalya, Alexandra Karsai; 
% Institute of Physics, Eotvos Lorand University, H-1117 Budapest, Pazmany P. s. 1/A.
% All rights reserved. (2021)
% Contact: peter.raffai@ttk.elte.hu
%
% z	m_B^max	sigma_mB	x1	sigma_x1	c	sigma_c	P(true<thresh.)	Sample
0.028488	16.86	0.19	-2.26	0.93	0.23	0.09	0.128418942246	1
0.050043	17.79	0.05	-1.09	0.24	0.12	0.02	0.128418942246	1
0.052926	17.6	0.05	-1.03	0.14	-0.01	0.02	0.128418942246	1
0.070086	18.43	0.04	-0.53	0.21	0.09	0.02	0.128418942246	1
0.062668	18.25	0.05	-0.27	0.23	0.02	0.02	0.128418942246	1
0.087589	19.19	0.11	-2.97	0.38	-0.04	0.07	0.128418942246	1
0.078577	18.27	0.04	-1.27	0.2	-0.02	0.02	0.128418942246	1
0.017227	15.75	0.13	-2.68	0.18	0.03	0.02	0.128418942246	1
0.042233	17.3	0.08	-1.95	0.24	0.02	0.04	0.128418942246	1
0.045295	17.58	0.05	-0.02	0.25	0.1	0.02	0.128418942246	1
0.03648	16.71	0.09	-0.66	0.22	0.01	0.03	0.128418942246	1
0.019599	15.07	0.11	0.51	0.1	-0.05	0.01	0.128418942246	1
0.100915	19.27	0.05	-1.36	0.43	-0.02	0.03	0.128418942246	1
0.027342	16.26	0.09	-0.13	0.21	0.19	0.02	0.128418942246	1
0.074605	18.39	0.04	-0.68	0.21	0.01	0.03	0.128418942246	1
0.026489	16.03	0.09	0.7	0.58	-0.02	0.02	0.001870261557	1
0.049922	17.75	0.05	-2.65	0.26	0.07	0.02	0.128418942246	1
0.030604	16.19	0.08	0.39	0.29	-0	0.03	0.128418942246	1
0.016345641	15.02	0.14	0.04	0.14	0.12	0.01	0.128418942246	2
0.0154363	15.26	0.14	-0.79	0.12	0.22	0.01	0.128418942246	2
0.030529	16.19	0.07	0	0.14	-0.04	0.01	0.128418942246	2
0.024525	15.53	0.09	0.35	0.2	-0.07	0.01	0.128418942246	2
0.023953	15.92	0.1	-0.55	0.17	0.08	0.03	0.128418942246	2
0.026038	16	0.09	1.64	0.21	0.06	0.02	0.128418942246	2
0.048948	17.72	0.08	-1.16	0.37	0.07	0.04	0.0	3
0.024314	16.27	0.09	-1.74	0.18	0.11	0.02	6.1999960721e-11	3
0.015166	14.76	0.14	0.23	0.27	0	0.02	0.009354993721	3
0.03572	17.23	0.07	-2.03	0.2	0.13	0.03	0.79821525066	3
0.048818	17.03	0.05	0.57	0.14	0.02	0.01	5.14460000156e-08	3
0.021980005915	15.94	0.1	-1.53	0.2	0.09	0.03	0.128418942246	3
0.1244	19.44	0.03	0.17	0.21	-0.11	0.02	0.128418942246	3
0.036	16.62	0.07	-0.09	0.18	0.04	0.02	0.128418942246	3
0.016321	15.82	0.13	-1.04	0.18	0.4	0.01	0.128418942246	3
0.01673	15.28	0.14	0.93	0.49	0.19	0.02	0.128418942246	3
0.0275	16.59	0.08	0.39	0.19	0.12	0.02	0.218251065653	3
0.021793	15.86	0.1	0.37	0.16	0.1	0.02	0.128418942246	4
0.01645	15.34	0.13	-2.6	0.29	0.06	0.02	0.128418942246	4
0.023208	16.57	0.1	-2.5	0.29	0.2	0.02	0.128418942246	4
0.036457	17.05	0.06	-1.12	0.17	0.04	0.02	0.128418942246	4
0.019264	16.91	0.12	-1.08	0.27	0.46	0.02	0.128418942246	4
0.017605	15.59	0.18	-1.08	0.15	0.17	0.01	0.128418942246	4
0.031528	16.77	0.07	-1.89	0.28	0.05	0.02	0.0	4
0.023536	16.08	0.1	-0.79	0.35	0.05	0.02	0.128418942246	4
0.016743	14.8	0.13	-1.23	0.26	-0.02	0.02	0.128418942246	4
0.05371	17.58	0.05	-2.32	0.41	0.06	0.03	0.128418942246	4
0.016991	15.65	0.14	-2.33	1.54	0.12	0.05	0.128418942246	4
0.027865	16.11	0.08	0.04	0.14	0.14	0.02	0.00016313449	4
0.017173	15.07	0.14	-0.27	0.19	0.04	0.01	0.128418942246	4
0.029955	16.82	0.08	-0.84	0.28	0.02	0.02	0.128418942246	4
0.016559	15.31	0.13	-1.22	0.21	0.06	0.02	0.018543670198	4
0.015	14.69	0.15	0.91	0.1	-0.02	0.01	0.128418942246	5
0.0544	17.88	0.05	-0.28	0.15	0.08	0.01	0.128418942246	5
0.1561	19.96	0.03	-0.51	0.26	-0.01	0.01	0.128418942246	5
0.0393	16.77	0.06	2.14	0.24	0.01	0.02	0.128418942246	5
0.1241	19.74	0.04	1.84	0.58	0.19	0.03	0.128418942246	5
0.1441	20.4	0.04	-3.64	0.85	0.18	0.04	0.128418942246	5
0.1299	19.56	0.03	0.6	0.64	-0.01	0.03	0.128418942246	5
0.0784	18.37	0.03	0.42	0.21	0.02	0.02	0.128418942246	5
0.0583	17.63	0.06	1.35	0.67	0.03	0.02	0.0	6
0.0309	16.71	0.08	3.06	0.37	0.19	0.03	0.128418942246	6
0.0406	16.9	0.06	0.79	0.42	-0.02	0.02	0.128418942246	6
0.0152	14.68	0.15	0.64	0.21	0.02	0.02	0.128418942246	6
0.0224	15.16	0.2	-1.95	1.23	-0.29	0.11	0.128418942246	6
0.016	15.43	0.14	-1.7	0.61	0.15	0.04	0.137610159633	6
0.0362	16.57	0.06	1.4	0.19	0.03	0.02	0.128418942246	6
0.0173	14.91	0.14	-0.08	0.36	-0.02	0.05	0.128418942246	6
0.0312	16.56	0.09	-1.26	0.23	0.04	0.03	0.0	6
0.0221	16.51	0.1	-0.44	0.27	0.35	0.02	2.64313000042e-07	6
0.016	14.54	0.14	0.77	0.14	0.05	0.02	0.0	6
0.0249	16.51	0.11	-2.3	0.46	0.3	0.04	4.231227e-06	6
0.0303	16.24	0.09	-0.04	0.16	-0.03	0.02	4.96800001137e-09	6
0.0283	16.62	0.08	0.08	0.38	0.17	0.01	0.128418942246	6
0.0152	15.28	0.21	-3.55	0.48	-0.04	0.06	0.128418942246	6
0.0345	17.54	0.09	-1.73	0.68	0.27	0.04	9.21700005208e-09	6
0.036	16.7	0.07	-0.81	0.5	0.1	0.02	0.128418942246	6
0.0248	16.23	0.1	-2.06	0.26	0.01	0.02	0.128418942246	6
0.0292	16.59	0.08	0.27	0.17	-0.02	0.01	0.128418942246	6
0.0163	16.66	0.14	-2.3	0.27	0.5	0.03	0.128418942246	6
0.0187	15.69	0.12	0.77	0.19	0.02	0.01	0.012399792616	6
0.0195	15.62	0.12	-1.35	0.19	0	0.02	0.128418942246	6
0.0256	16.66	0.09	-1.62	0.3	0.04	0.02	0.128418942246	6
0.0337	17.2	0.08	-0.98	0.25	0.22	0.04	0.0	6
0.0546	17.64	0.05	-2.32	0.36	0.03	0.03	0.0	6
0.024	16.32	0.1	-1.82	0.37	0.1	0.03	0.128418942246	6
0.0336	16.95	0.08	-2.28	0.45	-0.01	0.03	0.128418942246	6
0.0341	17.11	0.08	-1.26	0.27	0.17	0.03	0.128418942246	6
0.0261	16.46	0.09	-2.6	0.57	0.04	0.04	0.004314509643	6
0.0211	15.84	0.1	-0.25	0.11	0.19	0.01	0.128418942246	6
0.0321	16.96	0.07	0.01	0.22	0.15	0.02	0.128418942246	6
0.0221	15.46	0.1	0.35	0.18	-0.04	0.02	0.128418942246	6
0.0334	17.34	0.08	-1.04	0.26	0.26	0.03	9.24477300002e-06	6
0.0341	16.36	0.07	0.76	0.13	-0.07	0.02	0.128418942246	6
0.0421	17.22	0.08	-2.32	0.28	-0.06	0.03	0.128418942246	6
0.0576	17.71	0.04	1.03	0.14	0.02	0.01	0.996265053657	6
0.0205	16.12	0.11	0.5	0.2	0.36	0.01	0.128418942246	6
0.0402	17.59	0.06	-1.53	0.2	0.14	0.01	0.128418942246	6
0.026	17.23	0.09	-3.1	0.27	0.32	0.02	1.7670300001e-07	6
0.0259	16.11	0.09	0.18	0.12	0.01	0.01	0.033789980906	6
0.0239	16.14	0.09	-1.08	0.12	0.12	0.01	1.09587499997e-06	6
0.069	18.35	0.07	-1.89	0.44	-0.05	0.04	3.07778750001e-05	6
0.0651	18	0.04	0.31	0.21	0.01	0.01	1.0	6
0.0229	16.44	0.1	-0.76	0.3	0.19	0.01	0.089659819877	6
0.0315	16.44	0.07	-1.65	0.09	-0.04	0.01	0.0	6
0.0215	16.13	0.1	-1.63	0.13	0.13	0.01	1.1733000016e-08	6
0.0255	18.89	0.09	-1.59	0.57	0.93	0.02	0.128418942246	6
0.0325	16.9	0.07	0.16	0.1	0.17	0.01	0.0	6
0.0843	18.15	0.08	2.43	0.86	-0.12	0.04	0.128418942246	6
0.0308	17.41	0.08	-2.14	0.27	0.34	0.03	0.128418942246	6
0.0327	17.75	0.07	0.19	0.09	0.4	0.01	0.128418942246	6
0.0423	17.05	0.06	-0.66	0.32	-0.04	0.02	0.0	6
0.0684	18.12	0.04	1.4	0.5	-0.05	0.02	0.0	6
0.0153	17.88	0.14	-0.05	0.16	1.01	0.01	0.128418942246	6
0.0233	15.97	0.09	-0.07	0.11	0.16	0.01	0.011101109848	6
0.0491	17.56	0.05	0.06	0.5	0.06	0.01	0.0	6
0.0425	16.98	0.06	1.25	0.48	0.21	0.03	0.128418942246	6
0.0192	15.74	0.12	-1.56	0.16	0.05	0.02	8.36000046966e-10	6
0.0308	16.74	0.08	-0.69	0.14	0.08	0.02	0.128418942246	6
0.0212	15.92	0.11	0.75	0.26	0.2	0.02	0.128418942246	6
0.0277	17.63	0.09	-2.09	0.28	0.4	0.02	0.128418942246	6
0.0335	16.91	0.07	0.55	0.12	0.13	0.01	0.128418942246	6
0.0208	15.8	0.12	-2.85	0.23	-0.01	0.03	0.128418942246	6
0.0173	14.73	0.16	0.63	0.08	-0.04	0.01	0.128418942246	6
0.036	17.37	0.07	-2.58	0.25	0.09	0.03	0.128418942246	6
0.0233	15.95	0.09	0.77	0.23	0.06	0.01	0.128418942246	6
0.0589	17.85	0.04	0.89	0.31	0.05	0.01	1.0	6
0.0583	18.22	0.04	-2.76	0.25	0.06	0.02	0.0	6
0.0688	18.38	0.06	0.63	0.78	0.12	0.04	0.027111473488	6
0.0321	17.57	0.08	-0.72	0.16	0.47	0.02	0.128418942246	6
0.0522	17.99	0.05	-1.43	0.27	0.19	0.03	0.128418942246	6
0.0308	16.78	0.07	0.31	0.1	0.22	0.01	0.128418942246	6
0.0329	16.81	0.07	0.65	0.12	0.11	0.01	0.00076391263	6
0.023	16.11	0.1	-1.51	0.23	0.07	0.01	0.128418942246	6
0.015	15.7	0.15	-1.59	0.27	0.18	0.02	0.128418942246	6
0.0321	16.5	0.08	-0.36	0.18	-0.04	0.02	0.000101920284	6
0.0643	17.73	0.04	1.45	0.27	0.02	0.02	0.128418942246	6
0.032	16.85	0.1	1.28	0.26	0.2	0.02	0.128418942246	6
0.0209	16.58	0.11	-3.5	0.26	0.31	0.03	0.128418942246	6
0.0219	15.86	0.1	-1.69	0.18	0.05	0.02	3.80834000002e-07	6
0.032	16.55	0.07	-1.78	0.16	0.03	0.02	7.81762000024e-07	6
0.0151	15.89	0.15	0.37	0.13	0.29	0.01	0.128418942246	6
0.0192	15.89	0.12	-3.2	0.23	0.13	0.03	0.006396224841	6
0.0266	16.43	0.09	-0.39	0.09	0.15	0.01	0.128418942246	6
0.0377	17.17	0.08	-3.68	1.3	0.1	0.06	0.128418942246	6
0.0247	15.79	0.09	-0.62	0.16	0.05	0.01	0.128418942246	6
0.0242	15.86	0.09	0.42	0.08	0.01	0.01	0.435402819564	6
0.0366	16.75	0.06	-0.83	0.14	-0	0.02	0.128418942246	6
0.0229	16.02	0.1	0.53	0.08	0.1	0.01	0.128418942246	6
0.0312	16.6	0.07	-1.76	0.16	-0.07	0.02	0.0	6
0.015	15.78	0.15	1.09	0.12	0.45	0.01	0.128418942246	6
0.0341	16.94	0.1	-1.93	0.29	0.1	0.04	0.0	6
0.0251	15.68	0.09	0.25	0.12	0.03	0.01	0.0	6
0.0189	15.11	0.13	-1.88	0.28	-0.07	0.04	0.10474237468	6
0.029802136901	16.88	0.07	-1.76	0.06	0.2	0.01	0.128418942246	7
0.032134016861	16.81	0.08	-1.34	0.11	0.24	0.01	0.128418942246	7
0.027568725911	17.21	0.08	-2.41	0.11	0.31	0.01	0.128418942246	7
0.046967334616	17.42	0.05	1.12	0.13	0.15	0.01	0.128418942246	7
0.018315232036	18.25	0.12	-0.65	0.31	1.26	0.02	0.128418942246	7
0.080048144002	18.41	0.03	0.03	0.09	0.02	0.01	0.128418942246	7
0.02418529908	15.82	0.09	0.24	0.15	0.04	0.01	0.128418942246	7
0.015027042763	15.67	0.15	-1.43	0.22	0.35	0.01	0.128418942246	7
0.028396026812	16.24	0.08	1.11	0.09	0.06	0.01	9.90000303958e-11	7
0.044976672611	17.3	0.05	0.39	0.06	0.03	0.01	0.930467219184	7
0.032912371088	16.78	0.07	-1.33	0.1	-0.02	0.01	0.128418942246	7
0.075350111982	18.39	0.03	0.12	0.08	0.04	0.01	0.996080571775	7
0.02037472453	15.55	0.11	-1.89	0.08	-0.01	0.01	0.000769867316	7
0.022971167578	15.88	0.1	0.76	0.06	0.06	0.01	0.128418942246	7
0.026809197481	15.92	0.08	-0.75	0.08	-0.05	0.01	0.128418942246	7
0.017931283363	14.98	0.12	-0.18	0.05	-0.03	0.01	0.128418942246	7
0.048392195395	18.29	0.08	-2.49	0.18	0.25	0.04	0.128418942246	7
0.056683367075	17.86	0.04	-0.07	0.25	0.08	0.01	0.128418942246	7
0.063864083696	18.36	0.04	-1.22	0.25	0.08	0.02	0.551671793295	8
0.146290296068	20.94	0.04	-0.17	0.34	0.27	0.03	0.551671793295	8
0.129278206634	20.38	0.05	-3	0.26	0.17	0.04	2.58499999184e-09	8
0.102715033935	19.16	0.04	-0.42	0.33	-0.03	0.03	0.551671793295	8
0.242504680476	20.97	0.05	0.4	0.93	0.08	0.04	0.551671793295	8
0.29840927363	22.02	0.11	1.12	1.08	0.16	0.06	0.551671793295	8
0.04371891149	17.55	0.06	-0.94	0.43	0.14	0.02	0.551671793295	8
0.113042644637	19.11	0.03	1.19	0.43	0	0.02	0.551671793295	8
0.256475742725	21.53	0.06	-0.97	0.61	0.04	0.04	0.551671793295	8
0.295585550063	21.6	0.06	0.72	1.24	-0.06	0.04	0.551671793295	8
0.380359487336	22.18	0.08	-1.87	0.65	-0.16	0.08	0.551671793295	8
0.145668547261	20.3	0.03	-1.01	0.5	0.17	0.02	0.551671793295	8
0.273454768884	21.22	0.06	2.98	0.65	0.06	0.03	0.551671793295	8
0.297518833561	21.74	0.06	-1.85	1.56	0.02	0.05	0.551671793295	8
0.378965802039	22.17	0.08	0.65	1.13	-0.01	0.06	0.551671793295	8
0.380416514286	22.05	0.08	1.2	1.01	0.09	0.06	0.551671793295	8
0.301755029535	22.33	0.08	2.5	1.51	0.18	0.06	0.551671793295	8
0.348345020835	22.01	0.07	0.62	1.39	0.03	0.07	0.551671793295	8
0.085689459361	19.12	0.04	-0.89	0.12	0.13	0.02	0.004916236676	8
0.260586108317	21.23	0.05	-1.27	0.39	-0.06	0.03	0.551671793295	8
0.215543320953	20.9	0.04	0.22	0.52	-0.03	0.03	0.551671793295	8
0.117625328764	19.07	0.03	0.59	0.13	-0.05	0.02	7.41867000054e-07	8
0.18221823956	20.28	0.04	0.63	0.22	0.03	0.02	0.551671793295	8
0.357507357032	22.17	0.08	-0.04	1.12	0.05	0.06	0.551671793295	8
0.141787999126	20.06	0.03	0.97	0.34	0.08	0.02	0.551671793295	8
0.260533476953	21.29	0.05	1.12	0.39	-0.03	0.03	0.551671793295	8
0.232781107182	21	0.09	0.83	0.57	0.08	0.04	0.551671793295	8
0.151857894665	19.7	0.03	0.23	0.15	-0.06	0.02	0.989888621753	8
0.09390863189	18.64	0.04	0.8	0.26	-0.06	0.02	0.551671793295	8
0.286618706522	21.6	0.05	-0.05	0.48	-0.06	0.03	0.551671793295	8
0.194316512142	21	0.04	0.48	0.35	0.16	0.02	0.551671793295	8
0.147025138268	19.58	0.03	0.46	0.14	-0.14	0.01	4.30000479668e-11	8
0.2115869815	21.78	0.05	-2.04	0.51	0.11	0.04	0.551671793295	8
0.180119779968	20.57	0.03	-0.01	0.19	0.09	0.02	0.551671793295	8
0.263491026592	21.15	0.04	0.69	0.25	-0.09	0.02	0.551671793295	8
0.192149980044	20.65	0.03	0.06	0.26	-0.03	0.02	0.001229231543	8
0.338802609134	21.79	0.07	1.75	0.64	-0	0.04	0.551671793295	8
0.117277362889	19.8	0.03	-0.35	0.13	0.13	0.02	0.551671793295	8
0.1424046524	19.82	0.03	0.62	0.14	0.03	0.02	0.830402042657	8
0.160861854636	20.23	0.03	1.18	0.2	0.15	0.02	9.9997787828e-13	8
0.288418344585	21.56	0.06	-1.26	0.5	-0.06	0.04	0.551671793295	8
0.12282889997	19.97	0.05	-1.19	0.26	0.13	0.04	0.551671793295	8
0.263647950642	21.35	0.04	-0.04	0.36	0.04	0.03	0.551671793295	8
0.126473161901	20.04	0.03	-1.2	0.16	0.19	0.02	0.586055835562	8
0.172742230556	20.24	0.03	-0.12	0.18	0.01	0.02	0.551671793295	8
0.163795894987	20.25	0.03	0.22	0.18	0.06	0.02	1.0	8
0.249511054792	21.57	0.04	1.44	0.35	0.11	0.03	0.551671793295	8
0.257740303509	21	0.05	0.37	0.36	-0.12	0.03	0.551671793295	8
0.106712340103	19.58	0.04	-0.88	0.22	0.05	0.03	0.867576933443	8
0.159889937748	20.33	0.03	-0.8	0.18	0.07	0.02	0.999968604262	8
0.204979685349	21.1	0.04	-0.43	0.29	0.13	0.02	0.551671793295	8
0.244378876797	20.78	0.04	0.71	0.29	-0.01	0.02	0.551671793295	8
0.248508130676	20.94	0.04	0.16	0.29	-0	0.02	0.551671793295	8
0.228528473881	20.81	0.04	0.68	0.26	-0.03	0.02	0.551671793295	8
0.085854644144	18.75	0.03	-0.55	0.12	0.01	0.01	1.0	8
0.061835764694	18.03	0.04	0.83	0.16	0.11	0.02	0.987710988495	8
0.277853422619	21.9	0.06	-1.49	0.49	0.07	0.05	0.551671793295	8
0.275440197435	21.52	0.05	0.53	0.47	0.05	0.03	0.551671793295	8
0.155247328221	20.35	0.03	-1.42	0.17	0.06	0.02	0.551671793295	8
0.330512448683	21.95	0.06	-0.18	0.55	0	0.04	0.551671793295	8
0.361934308832	22.1	0.07	0.12	0.63	0.01	0.04	0.551671793295	8
0.33063462833	22.1	0.07	0.65	0.46	0.17	0.04	0.551671793295	8
0.144621085972	20.38	0.03	-0.64	0.14	0.12	0.02	1.0	8
0.389288787688	22.23	0.08	-0.25	0.79	-0.04	0.06	0.551671793295	8
0.173910056566	20.3	0.05	-0.93	0.3	-0.02	0.03	0.551671793295	8
0.300312695802	21.69	0.06	-0.2	0.42	0.05	0.04	0.551671793295	8
0.116348502599	19.46	0.03	0.92	0.18	0.04	0.01	1.0	8
0.218585189041	21.17	0.03	-0.29	0.26	0.09	0.02	0.551671793295	8
0.119671538006	19.65	0.03	0.03	0.12	0.08	0.01	0.551671793295	8
0.154632097239	19.83	0.02	1.44	0.21	-0.02	0.01	0.999997454964	8
0.408319092164	22.47	0.09	-1.13	0.77	-0.09	0.07	0.551671793295	8
0.177600694977	20.9	0.04	-0.34	0.38	0.03	0.03	1.0	8
0.25066763111	21.35	0.04	1.46	0.34	0.03	0.02	0.551671793295	8
0.251740186424	21.41	0.04	-0.49	0.28	0.04	0.02	0.551671793295	8
0.391599213441	22.33	0.08	1.42	1.05	0.12	0.06	0.551671793295	8
0.128726735467	20.13	0.02	0.47	0.12	0.25	0.01	0.551671793295	8
0.399601334976	22.19	0.1	-1.19	0.81	-0.15	0.09	0.551671793295	8
0.309492645411	21.57	0.05	-0.05	0.47	-0.06	0.03	0.551671793295	8
0.170628396749	20.44	0.03	-0.84	0.24	0.07	0.02	0.551671793295	8
0.278924676328	21.46	0.05	-0.67	0.42	-0.04	0.03	0.551671793295	8
0.308580866071	21.8	0.07	-0.78	0.94	0.04	0.05	0.551671793295	8
0.18581244671	20.46	0.04	0.49	0.27	-0	0.02	0.551671793295	8
0.06644031234	18.66	0.04	-0.77	0.17	0.2	0.01	0.543563084394	8
0.316429844695	22.12	0.08	2.09	1.09	0.11	0.05	0.551671793295	8
0.257497888297	21.52	0.04	0.28	0.47	0.11	0.02	0.551671793295	8
0.298777444088	21.52	0.06	0.14	0.67	-0.08	0.03	0.551671793295	8
0.270434442827	21.69	0.04	-2.15	0.61	0.02	0.03	0.551671793295	8
0.27945473261	21.49	0.05	-2.05	0.47	0.02	0.03	0.551671793295	8
0.292469756082	21.78	0.04	0.51	0.61	0.09	0.03	0.551671793295	8
0.188853175387	20.95	0.03	-0.7	0.34	0.16	0.02	7.8208394e-05	8
0.265762479518	20.93	0.04	-0.35	0.35	-0.13	0.02	0.551671793295	8
0.124273528772	19.62	0.03	-0.13	0.15	0.08	0.01	0.029911743888	8
0.182548913397	20.27	0.03	0.63	0.22	-0.06	0.01	0.986226043013	8
0.312883364158	21.58	0.05	0.45	0.56	-0.03	0.03	0.551671793295	8
0.309547337158	21.8	0.05	-1.09	0.74	-0.09	0.04	0.551671793295	8
0.089019429294	18.67	0.04	-0.34	0.18	0.04	0.02	0.551671793295	8
0.402459619216	22.5	0.09	1.17	1.22	0.01	0.07	0.551671793295	8
0.200611719928	20.98	0.05	-2.26	0.39	0.05	0.03	1.0	8
0.326396483203	21.63	0.05	0.34	0.69	-0	0.03	0.551671793295	8
0.211629598493	20.83	0.03	-0.23	0.22	0.05	0.02	0.551671793295	8
0.17968564077	20.55	0.03	-0.34	0.25	0.03	0.02	1.0	8
0.093149402685	19.16	0.03	-1.86	0.15	-0.02	0.02	0.551671793295	8
0.30240162108	22.06	0.04	-0.93	0.42	0.09	0.03	0.551671793295	8
0.108638265524	19.52	0.03	-1.73	0.2	-0.02	0.02	0.551671793295	8
0.085696117065	18.8	0.08	-0.7	0.24	0.01	0.04	0.551671793295	8
0.202608679897	20.77	0.04	0.3	0.38	0.05	0.03	1.0	8
0.196716068579	21.27	0.04	-2.59	0.52	0.13	0.03	0.551671793295	8
0.12668798909	19.79	0.05	1.31	0.41	0.14	0.03	0.551671793295	8
0.214568258658	20.89	0.03	-0.54	0.26	-0.03	0.02	0.551671793295	8
0.320446988861	21.53	0.04	0.18	0.52	-0.1	0.03	0.551671793295	8
0.218347445403	21.11	0.04	0.22	0.27	0.09	0.02	0.551671793295	8
0.189706566951	20.65	0.03	0.83	0.27	0.04	0.02	0.551671793295	8
0.0929368182	19.06	0.05	0.17	0.22	0.09	0.03	0.551671793295	8
0.379662293575	21.93	0.05	1.34	0.54	-0.02	0.03	0.551671793295	8
0.210938395061	21.21	0.03	-0.1	0.34	0.21	0.02	0.551671793295	8
0.366602898789	22.25	0.09	-1.77	0.81	-0.22	0.06	0.551671793295	8
0.420926821103	22.52	0.07	0.37	0.93	-0.11	0.07	0.551671793295	8
0.258028270562	21.6	0.04	0.09	0.38	0.11	0.03	0.551671793295	8
0.183568404877	21.11	0.04	-0.96	0.3	0.24	0.03	0.551671793295	8
0.212548765094	20.8	0.05	0.6	0.48	0.03	0.03	0.551671793295	8
0.360034211989	22.41	0.07	-1.45	0.58	0.15	0.06	0.551671793295	8
0.393974478272	22.22	0.06	0.6	0.43	-0.07	0.04	0.551671793295	8
0.11471262087	19.38	0.03	-0.45	0.19	-0.03	0.02	1.0	8
0.143705907	19.94	0.03	0.53	0.22	0.05	0.02	0.372920925377	8
0.252486060029	21.35	0.06	0.75	0.55	0.09	0.04	0.551671793295	8
0.387297107465	22.23	0.08	-0.74	0.61	-0.19	0.06	0.551671793295	8
0.348583857544	22.07	0.08	1.04	0.76	0.08	0.05	0.551671793295	8
0.255490620022	21.41	0.07	-0.91	0.53	0.05	0.05	0.551671793295	8
0.216582821954	21.06	0.06	-1.95	0.42	-0.1	0.05	0.551671793295	8
0.43	22.63	0.15	-1.52	1.16	0.17	0.08	0.551671793295	9
0.62	23.29	0.08	3.6	1.07	-0.08	0.08	0.551671793295	9
0.57	23.39	0.07	-1.56	0.61	0	0.08	0.551671793295	9
0.3	21.92	0.05	-2.33	0.35	-0.01	0.05	0.551671793295	9
0.38	22.61	0.05	-1.44	0.32	-0.13	0.06	0.551671793295	9
0.43	22.58	0.08	-0.83	1.09	-0.25	0.15	0.551671793295	9
0.24	21.64	0.15	3.09	1.85	0.23	0.15	0.551671793295	9
0.44	22.73	0.06	-1.62	0.3	-0.09	0.05	0.551671793295	9
0.5	23.12	0.07	-0.71	0.34	-0.01	0.04	0.551671793295	9
0.97	24.69	0.14	0.53	1.37	0.5	0.27	0.551671793295	9
0.479	22.69	0.07	-0.23	0.64	-0.16	0.07	0.551671793295	9
0.83	24.31	0.11	0.33	0.74	0.05	0.06	0.551671793295	10
0.416	22.32	0.09	0.44	0.3	-0.31	0.19	0.551671793295	10
0.581	23.19	0.1	0.71	0.8	0.21	0.11	0.551671793295	10
0.45	22.87	0.08	-2.69	0.92	0	0.08	0.551671793295	10
0.579	23.52	0.1	-1.09	0.49	-0.2	0.19	0.551671793295	10
0.32	21.82	0.05	0.51	0.3	-0.03	0.05	0.551671793295	10
0.657	23.86	0.11	-0.09	0.74	0.07	0.18	0.551671793295	10
0.43	22.56	0.08	-0.26	0.35	0.02	0.21	0.551671793295	10
0.472	23.13	0.06	-0.63	0.48	0.15	0.13	0.551671793295	10
0.374	23.35	0.24	1.42	0.84	-0.15	0.43	0.551671793295	10
0.18	20.15	0.14	0.23	0.25	-0.29	0.13	0.551671793295	10
0.55	23.59	0.1	2.13	1.09	-0.48	0.34	0.551671793295	10
0.592	24.28	0.12	3.16	1.67	-0.08	0.2	0.551671793295	10
0.172	20.43	0.12	0.23	0.15	0.19	0.1	0.551671793295	10
0.526	23.18	0.06	-0.53	0.56	0.19	0.12	0.551671793295	10
0.763	24.27	0.27	-0.86	1.4	-0.41	0.23	0.551671793295	10
0.58	23.49	0.08	3.49	1.02	-0.04	0.11	0.551671793295	10
0.43	23.2	0.06	-0.21	0.75	0.27	0.1	0.551671793295	10
0.45	23.22	0.09	-0.24	0.81	0.09	0.17	0.551671793295	10
0.656	23.74	0.1	-1.15	1.21	-0.1	0.15	0.551671793295	10
0.495	22.82	0.05	-0.91	0.67	-0.05	0.06	0.551671793295	10
0.49	23.06	0.05	0.1	0.59	0.24	0.07	0.551671793295	10
0.57	23.27	0.06	0.29	0.72	-0.03	0.08	0.551671793295	10
0.388	22.49	0.08	-0.51	0.45	-0.2	0.1	0.551671793295	10
0.45	22.6	0.1	-0.06	0.75	-0.21	0.14	0.551671793295	10
0.48	23.05	0.07	-1.51	0.72	0	0.14	0.551671793295	10
0.615	23.16	0.08	0.87	0.76	0.01	0.13	0.551671793295	10
0.4	22.2	0.08	2.54	0.77	-0.21	0.1	0.551671793295	10
0.655	23.17	0.08	1.12	0.61	0.12	0.1	0.551671793295	10
0.498	23.66	0.08	0.26	1.39	0	0.2	0.551671793295	10
0.465	23.41	0.08	0.42	0.72	0.38	0.19	0.551671793295	10
0.453	23.18	0.1	-0.98	0.81	-0.19	0.15	0.551671793295	10
0.425	22.33	0.21	-1.18	1.6	0.11	0.15	0.551671793295	10
0.514	22.78	0.26	1.68	1.1	-0.2	0.27	0.551671793295	11
0.423	22.62	0.07	-2.08	2.88	0.04	0.19	0.551671793295	11
0.859	24.68	0.1	-1.09	0.82	-0.1	0.09	0.551671793295	11
0.936	24.82	0.17	-2.05	1.78	0.23	0.25	0.551671793295	11
0.528	23.03	0.11	-1.17	0.89	-0.11	0.09	0.551671793295	11
0.978	24.44	0.11	-0.54	0.78	0.07	0.1	0.551671793295	11
0.885	24.17	0.1	0.99	0.6	-0.24	0.1	0.551671793295	11
0.815	24.83	0.25	0.09	2.51	0.03	0.37	0.551671793295	11
0.698	24.39	0.14	-3.29	1.6	-0.2	0.14	0.551671793295	11
0.568	23	0.08	0.62	0.74	-0.14	0.09	0.551671793295	11
0.711	23.81	0.11	0.36	0.99	-0.17	0.15	0.551671793295	11
0.3396	22.03	0.1	-1.72	0.59	0.01	0.09	0.551671793295	11
0.3965	22.39	0.07	0.79	0.3	0.12	0.05	0.551671793295	11
0.812	24.86	0.11	-2.65	1.84	0.07	0.15	0.551671793295	11
0.799	24.69	0.08	1.87	1.14	0.34	0.08	0.551671793295	11
0.882	24.71	0.16	1.78	1.45	0.34	0.27	0.551671793295	11
0.833	24.22	0.11	1.5	1.05	0	0.21	0.551671793295	11
0.874	25.07	0.12	-0.39	1.29	0.42	0.15	0.551671793295	11
0.772	23.71	0.08	0.02	0.37	-0.2	0.04	0.551671793295	11
0.178	21.58	0.12	-1.86	0.45	0.49	0.09	0.551671793295	12
0.26	21.31	0.04	1.29	0.33	-0.02	0.04	0.551671793295	12
0.186	20.78	0.03	-0.77	0.19	0.11	0.02	0.551671793295	12
0.269	21.8	0.05	-1.51	0.51	0.06	0.07	0.551671793295	12
0.215	20.94	0.03	0.74	0.26	-0.02	0.03	0.551671793295	12
0.543	23.03	0.06	0.69	0.25	-0.03	0.03	0.551671793295	13
0.75	23.86	0.08	-0.09	0.37	-0.04	0.04	0.551671793295	13
0.64	23.83	0.07	-2.27	0.39	0.03	0.06	0.551671793295	13
0.43	22.87	0.05	-0.7	0.33	-0.04	0.05	0.551671793295	13
0.64	23.65	0.07	0.23	0.47	-0.08	0.06	0.551671793295	13
0.497	23.1	0.07	1.05	0.42	0.08	0.05	0.551671793295	13
0.44	23.19	0.05	0.53	0.29	0.22	0.04	0.551671793295	13
0.355	22.66	0.06	-1.55	0.5	0.17	0.08	0.551671793295	13
0.78	24.23	0.08	0.94	0.51	0.02	0.05	0.551671793295	13
0.54	23.15	0.05	-0.57	0.32	-0.02	0.03	0.551671793295	13
0.86	24.47	0.09	0.03	0.53	-0.06	0.05	0.551671793295	13
0.468	23.81	0.05	0.47	0.37	0.25	0.04	0.551671793295	14
0.84	24.32	0.08	0.76	0.49	-0.07	0.07	0.910256228198	14
0.96	24.56	0.11	0.68	0.49	0.13	0.08	0.551671793295	14
0.8218	24.34	0.08	-0.36	0.29	-0.08	0.06	0.0	14
0.93	24.69	0.1	-1.03	0.33	0.12	0.09	0.551671793295	14
0.451	23.22	0.05	-0.19	0.15	0.28	0.02	0.551671793295	14
0.61	23.55	0.06	-1.15	0.19	-0.07	0.03	0.0	14
0.83	24.11	0.08	0.84	0.33	-0.21	0.06	0.019019116792	14
0.707	24.13	0.08	-1.95	0.54	-0.04	0.08	0.999999011725	14
0.415	22.52	0.04	0.18	0.19	-0.01	0.02	0.125506643627	14
0.557	22.98	0.06	-0.46	0.47	-0.14	0.03	0.551671793295	14
0.791	24.2	0.08	-0.17	0.42	-0.04	0.05	0.424378352473	14
0.695	24.03	0.08	-2.36	0.41	-0.06	0.06	0.048213467444	14
0.633	23.7	0.06	-0.47	0.32	-0.05	0.04	1.0	14
0.2486	21.23	0.07	0.55	0.22	-0.01	0.05	0.551671793295	14
0.532	23.48	0.06	-0.36	0.27	0.07	0.03	0.551671793295	14
0.331	21.81	0.04	0.21	0.19	0.03	0.02	0.0	14
0.346	22.41	0.05	-1.15	0.22	0.09	0.04	9.00002294912e-12	14
0.961	24.55	0.11	0.07	0.53	-0.16	0.11	9.6749703e-05	14
0.613	24.02	0.06	-1.41	0.35	0.07	0.03	0.000122102116	14
0.3402	22.09	0.04	0.5	0.18	0.04	0.01	1.0	14
0.983	24.97	0.14	-1.37	0.46	-0.03	0.14	1.0	14
0.71	24.21	0.07	0.18	0.33	0.21	0.04	0.551671793295	14
0.73	24.08	0.07	-0.76	0.4	-0	0.05	1.0	14
0.47	23.51	0.05	-2.33	0.29	0.16	0.03	0.551671793295	14
0.62	23.76	0.07	-0.95	0.28	-0.03	0.04	0.964610252373	14
0.521	23.29	0.05	0.93	0.3	0.21	0.03	0.998949555959	14
0.369	22.36	0.11	-0.98	0.44	-0.03	0.05	7.25190000272e-08	14
0.571	23.19	0.07	-0.59	0.45	0	0.04	0.999999999363	14
0.604	23.27	0.06	0.89	0.21	0.05	0.03	0.991658804539	14
0.9271	24.55	0.1	-0.14	0.29	-0.05	0.08	0.846559054956	14
0.285	21.2	0.03	0.79	0.15	-0.1	0.01	5.69999603073e-11	14
0.2912	21.96	0.06	0.46	0.28	0.2	0.03	0.005691513851	14
0.548	24.04	0.07	-2.2	0.43	0.31	0.06	0.551671793295	14
0.868	24.31	0.09	0.19	0.37	0.05	0.07	0.921233644992	14
0.496	22.96	0.05	-1	0.17	-0.02	0.03	0.0	14
0.811	24.36	0.08	0.51	0.34	0.12	0.06	1.0	14
0.756	24.06	0.08	-1.84	0.48	-0.28	0.05	0.551671793295	14
0.817	24.24	0.09	1.39	0.72	0.02	0.07	1.0	14
0.752	23.84	0.08	0.33	0.44	-0.06	0.05	0.999999999949	14
0.5516	23.46	0.05	-0.91	0.16	0.15	0.02	0.0	14
0.3578	22.52	0.04	-0.41	0.13	0.14	0.02	0.0027167408	14
1.01	24.88	0.13	0.47	0.56	0.08	0.12	0.999785771595	14
0.741	24.09	0.08	0.02	0.43	-0.12	0.05	0.0	14
0.43	22.81	0.05	-2.3	0.28	0.01	0.03	0.001759266231	14
0.526	23.63	0.06	-1.99	0.36	0.12	0.05	0.551671793295	14
0.592	23.37	0.06	0.85	0.42	0.09	0.03	0.0	14
0.905	24.24	0.09	0.86	0.4	-0	0.08	0.860692933969	14
0.949	24.47	0.1	-0.27	0.54	0.13	0.09	9.00002294912e-12	14
0.4607	22.6	0.08	2.2	1.01	0.03	0.04	0.999972076003	14
0.3709	22.21	0.06	0.25	0.28	-0.04	0.03	0.000892345443	14
0.8	24.51	0.08	-1.68	0.52	-0.03	0.06	5.37990000327e-08	14
0.679	24.09	0.08	0.67	0.54	-0	0.05	0.999996816858	14
0.5817	23.55	0.06	-0.04	0.31	0.06	0.03	1.0	14
0.55	23.32	0.06	0.02	0.33	0.14	0.03	0.916905651559	14
0.81	24.23	0.08	0.09	0.41	0.07	0.06	0.399751945497	14
0.95	24.51	0.1	0.86	0.54	-0.03	0.09	0.620797641982	14
0.3373	21.93	0.04	1.1	0.19	0.02	0.02	1.0	14
0.91	24.67	0.1	-0.52	0.44	-0.16	0.08	0.551671793295	14
0.263	21.65	0.03	-1.01	0.17	0.09	0.02	0.0	14
0.643	23.78	0.07	0.04	0.27	0.03	0.04	0.474555440866	14
0.691	24.26	0.08	-1.83	0.55	0.1	0.07	0.551671793295	14
0.357	22.39	0.04	-0.08	0.16	0.09	0.02	0.99999988436	14
0.721	23.85	0.07	0.52	0.46	0.01	0.04	0.551671793295	14
0.581	23.32	0.06	0.29	0.32	-0.04	0.02	1.0	14
0.6268	23.35	0.06	0.83	0.21	-0.01	0.03	0.999411415446	14
0.818	24.63	0.09	-2.62	0.59	0.09	0.09	0.551671793295	14
0.4627	22.72	0.06	0.48	0.31	0.01	0.03	0.551671793295	14
0.449	22.54	0.06	-0.13	0.28	-0.07	0.03	0.0	14
0.688	23.58	0.07	-0.07	0.27	-0.07	0.03	0.551671793295	14
0.87	24.54	0.11	3.41	0.96	0.01	0.09	0.551671793295	14
0.5043	22.98	0.05	1.04	0.21	0.02	0.02	0.999977235075	14
0.591	23.4	0.1	2	0.92	-0.11	0.09	0.551671793295	15
0.426	22.62	0.06	-0.6	0.41	0.03	0.05	0.551671793295	15
0.329	22.53	0.13	0.34	0.77	0.21	0.12	0.551671793295	15
0.583	23.52	0.07	0.17	0.65	0.18	0.08	0.551671793295	15
0.519	23.64	0.08	0.8	1.04	-0.01	0.1	0.551671793295	15
0.401	22.45	0.06	0.65	0.39	0.05	0.06	0.551671793295	15
0.205	21.1	0.1	-0.3	0.2	0.19	0.08	0.551671793295	15
0.34	21.79	0.09	-0.05	0.45	-0.06	0.07	0.551671793295	15
0.436	22.46	0.06	0.22	0.39	-0.04	0.05	0.551671793295	15
0.363	21.89	0.06	1.09	0.28	-0.09	0.05	0.551671793295	15
0.436	22.5	0.06	1.76	0.44	0.03	0.06	0.551671793295	15
0.309	22.37	0.1	-1.84	0.36	0.11	0.09	0.551671793295	15
0.342	22.09	0.06	0.37	0.36	0.02	0.04	0.551671793295	15
0.159	21.07	0.15	0.03	0.37	0.39	0.13	0.551671793295	15
0.332	22.4	0.09	-2.38	1.06	0.06	0.08	0.551671793295	15
0.469	22.57	0.09	2.01	1.63	-0.1	0.09	0.551671793295	15
0.239	21.77	0.07	-0.34	0.25	0.31	0.06	0.551671793295	15
0.352	22.73	0.06	-2.08	0.61	0.14	0.06	0.551671793295	15
0.612	23.45	0.08	1.04	0.62	0.03	0.07	0.551671793295	15
0.631	23.35	0.06	-0.44	0.6	0.09	0.05	0.551671793295	15
0.645	23.32	0.08	-0.38	0.43	-0.1	0.06	0.551671793295	15
0.429	22.63	0.05	-1.1	0.35	-0.04	0.04	0.551671793295	15
0.497	22.88	0.07	-0.54	0.37	0.02	0.06	0.551671793295	15
0.539	23.27	0.06	-1.45	0.5	0.07	0.06	0.551671793295	15
0.561	23.1	0.07	2.45	1.22	-0.07	0.06	0.551671793295	15
0.41	22.34	0.07	-1	0.64	0.07	0.09	0.551671793295	15
0.412	22.82	0.13	-0.01	1.03	0.28	0.13	0.551671793295	15
0.599	23.76	0.1	-3.25	1.08	-0.03	0.13	0.551671793295	15
0.619	23.44	0.07	1.24	0.36	-0.07	0.06	0.551671793295	15
0.422	22.4	0.07	-1.19	0.47	-0.07	0.07	0.551671793295	15
0.54	23.29	0.07	-0.59	0.76	0	0.08	0.551671793295	15
0.401	23.07	0.1	2.55	1.72	0.05	0.11	0.551671793295	15
0.218	21.39	0.09	1.34	0.33	0.31	0.08	0.551671793295	15
0.633	23.14	0.07	-0.22	0.53	0.09	0.07	0.551671793295	15
0.383	22.33	0.09	-2.04	0.42	-0.11	0.09	0.551671793295	15
0.302	23.19	0.13	1.53	0.7	0.55	0.11	0.551671793295	15
0.34	22.26	0.08	0.48	0.43	0.22	0.07	0.551671793295	15
0.51	22.8	0.06	0.21	0.44	0.1	0.05	0.551671793295	15
0.421	23.07	0.18	2.46	1.06	0.22	0.14	0.551671793295	15
0.399	23.43	0.11	-2.84	0.81	0.36	0.12	0.551671793295	15
0.493	22.96	0.08	1.44	0.6	0.12	0.08	0.551671793295	15
0.687	23.4	0.1	-0.05	0.89	-0.12	0.08	0.551671793295	15
0.687	23.48	0.08	0.73	0.65	0.01	0.07	0.551671793295	15
0.495	22.87	0.06	1.06	0.57	0.02	0.05	0.551671793295	15
0.603	23.47	0.07	-0.31	0.59	0.03	0.08	0.551671793295	15
0.421	22.4	0.07	1.36	0.66	-0.13	0.06	0.551671793295	15
0.348	22.59	0.06	-0.12	0.34	0.12	0.05	0.551671793295	15
0.213	22.06	0.1	-0.73	0.27	0.47	0.09	0.551671793295	15
0.344	21.71	0.06	-0.47	0.28	-0.09	0.05	0.551671793295	15
0.271	21.88	0.1	-0.04	0.94	0.26	0.1	0.551671793295	15
0.564	22.84	0.21	-0.63	1.41	-0.13	0.19	0.551671793295	15
0.274	22.02	0.07	-0.08	0.3	0.24	0.06	0.551671793295	15
0.181	20.37	0.11	0.16	0.2	0	0.1	0.551671793295	15
0.582	23.79	0.07	-0.44	0.85	-0.05	0.09	0.551671793295	15
0.68	23.68	0.07	1.45	0.85	0.1	0.07	0.551671793295	15
0.401	23.32	0.12	0.28	1.38	0.29	0.12	0.551671793295	15
0.416	23.91	0.11	-0.51	1.41	0.64	0.1	0.551671793295	15
0.286	22.48	0.11	0.54	0.86	0.26	0.09	0.551671793295	15
0.562	23.26	0.21	1	1.85	-0.15	0.12	0.551671793295	15
0.266	23.02	0.14	1.73	0.76	0.87	0.11	0.551671793295	15
0.314	21.89	0.1	-0.73	0.88	-0.05	0.08	0.551671793295	15
0.581	23.24	0.09	1.43	1.08	-0.39	0.11	0.551671793295	15
0.463	23.12	0.08	0.55	0.55	0.22	0.08	0.551671793295	15
0.341	21.61	0.08	-0.38	0.37	-0.05	0.06	0.551671793295	15
0.631	23.35	0.06	0.36	0.54	-0.08	0.04	0.551671793295	15
0.522	23.27	0.06	-0.81	0.55	-0.09	0.06	0.551671793295	15
0.368	21.95	0.05	-0.97	0.32	-0.14	0.04	0.551671793295	15
0.309	21.74	0.06	-1.97	0.52	-0.02	0.06	0.551671793295	15
0.528	23.27	0.11	1.11	1.68	0.13	0.11	0.551671793295	15
0.216	21.92	0.1	-0.54	0.29	0.3	0.09	0.551671793295	15
0.284	21.68	0.06	-1.12	0.27	0	0.05	0.551671793295	15
0.508	22.93	0.07	0.86	0.53	0.05	0.05	0.551671793295	15
0.781	24.04	0.1	-0.55	1.28	-0.07	0.13	0.551671793295	15
0.613	23.33	0.07	-0.31	0.57	-0.01	0.06	0.551671793295	15
0.278	21.69	0.07	-1.27	0.64	0.11	0.06	0.551671793295	16
0.477	22.74	0.06	0.76	0.39	0.03	0.04	0.551671793295	16
0.95	24.22	0.1	1.58	0.46	0.03	0.09	0.551671793295	16
1.057	24.74	0.12	-0.28	1.01	-0.06	0.07	0.551671793295	16
0.816	24.17	0.1	0.24	0.57	-0.08	0.18	0.551671793295	16
0.455	23.2	0.06	-1.44	0.68	-0	0.07	0.551671793295	16
1.02	24.93	0.1	-0.21	0.38	-0.06	0.05	0.551671793295	17
1.14	24.75	0.11	0.13	0.33	-0.1	0.03	0.551671793295	17
0.854	24.55	0.08	-1.15	0.44	0.04	0.05	0.551671793295	17
1.37	25.62	0.14	0.91	0.8	-0.01	0.04	0.551671793295	17
0.975	24.88	0.1	1.93	0.44	0.03	0.03	0.551671793295	17
0.97	24.99	0.09	-0.84	1.13	-0.11	0.06	0.551671793295	17
0.74	23.95	0.07	-0.11	0.21	-0.02	0.03	0.551671793295	17
1.39	26.02	0.14	-0.27	0.69	0.16	0.04	0.551671793295	17
0.46	23.73	0.08	0.13	0.42	0.36	0.06	0.551671793295	17
1.02	24.84	0.1	0.48	0.43	0.01	0.05	0.551671793295	17
1.12	25.1	0.11	0.08	0.37	-0.04	0.04	0.551671793295	17
1.23	26.07	0.12	-0.61	0.68	0.11	0.04	0.551671793295	17
1.19	25.65	0.14	-1.24	0.42	0.17	0.05	0.551671793295	17
0.839	24.15	0.1	-0.1	0.38	0.01	0.06	0.551671793295	17
1.01	24.93	0.12	3.58	1.23	-0.1	0.07	0.551671793295	17
0.521	23.08	0.07	1.1	0.57	0.05	0.04	0.551671793295	17
0.475	23.21	0.14	-1.2	0.35	0.11	0.13	0.551671793295	17
0.95	24.61	0.09	1.39	0.38	0.08	0.05	0.551671793295	17
1.3	25.68	0.12	0.18	0.35	-0.01	0.04	0.551671793295	17
1.305	25.53	0.15	-1.1	0.37	-0.02	0.06	0.551671793295	17
0.216	22.43	0.2	1.09	1.04	0.53	0.1	0.551671793295	17
0.735	24.08	0.09	-0.26	0.35	0.1	0.05	0.551671793295	17
1.14	25.37	0.12	-0.11	0.42	0.18	0.11	0.551671793295	17
1.307	26.33	0.17	-0.88	0.69	0.04	0.09	0.551671793295	17
1.265	25.75	0.12	0.22	0.52	0.05	0.04	0.551671793295	17
0.67	24.26	0.17	-1.2	0.38	0.11	0.09	0.551671793295	17
0.64	24.27	0.21	-0.95	0.96	0.21	0.12	0.551671793295	17
1.34	25.73	0.13	1.55	0.71	0.06	0.05	0.551671793295	17
0.84	24.34	0.08	-0.01	0.41	0.05	0.03	0.551671793295	17
0.935	24.48	0.1	-0.47	0.32	0.07	0.05	0.551671793295	17
0.953	24.71	0.15	0.14	0.85	-0.1	0.36	0.551671793295	18
1.124	25.37	0.11	0.65	0.65	0.07	0.05	0.551671793295	18
0.552	23.08	0.09	-1.15	0.26	-0.11	0.07	0.551671793295	18
0.671	23.79	0.07	0.46	0.29	0.06	0.04	0.551671793295	18
0.511	23.05	0.06	-0.31	0.27	-0.03	0.03	0.551671793295	18
1.03	24.79	0.1	1.3	0.41	0	0.04	0.551671793295	18
1.192	25.5	0.12	-1.45	0.68	0.06	0.08	0.551671793295	19
1.092	25.67	0.12	-2.66	0.65	0.26	0.08	0.551671793295	19
0.974	24.61	0.09	-0.35	0.33	0.01	0.05	0.551671793295	19
1.11	25.25	0.12	-2.09	1.31	-0.13	0.14	0.551671793295	19
1.35	25.44	0.14	0.15	0.64	-0.03	0.05	0.551671793295	19
0.85	24.35	0.09	0.58	0.31	0.09	0.07	0.551671793295	19
1.241	25.39	0.16	-3.12	1.11	-0.1	0.19	0.0	19
1.414	25.81	0.16	0.3	0.98	0.15	0.08	0.0	19
1.188	25.48	0.17	-2.15	1.33	-0.04	0.18	0.551671793295	19
1.017	25.2	0.12	-0.61	0.65	0.06	0.09	1.4752251e-05	19
1.315	25.68	0.13	-1.26	0.56	-0.06	0.06	0.551671793295	19
0.821	24.37	0.09	0.25	0.5	0.02	0.08	0.551671793295	19
1.215	25.79	0.16	-2.06	1.53	-0.16	0.2	0.000147652666	19
0.623	23.48	0.15	-0.76	0.89	0.07	0.12	0.551671793295	19